(kicad_pcb (version 20171130) (host pcbnew "(5.1.5)-3")

  (general
    (thickness 1.6)
    (drawings 10)
    (tracks 303)
    (zones 0)
    (modules 16)
    (nets 35)
  )

  (page A4)
  (layers
    (0 F.Cu signal)
    (31 B.Cu signal)
    (32 B.Adhes user hide)
    (33 F.Adhes user)
    (34 B.Paste user)
    (35 F.Paste user)
    (36 B.SilkS user)
    (37 F.SilkS user)
    (38 B.Mask user)
    (39 F.Mask user)
    (40 Dwgs.User user)
    (41 Cmts.User user)
    (42 Eco1.User user)
    (43 Eco2.User user)
    (44 Edge.Cuts user)
    (45 Margin user)
    (46 B.CrtYd user)
    (47 F.CrtYd user)
    (48 B.Fab user hide)
    (49 F.Fab user hide)
  )

  (setup
    (last_trace_width 1)
    (user_trace_width 0.25)
    (user_trace_width 0.33)
    (user_trace_width 0.454)
    (user_trace_width 0.5)
    (user_trace_width 1)
    (user_trace_width 1.5)
    (trace_clearance 0.2)
    (zone_clearance 0.234)
    (zone_45_only no)
    (trace_min 0.2)
    (via_size 0.8)
    (via_drill 0.4)
    (via_min_size 0.35)
    (via_min_drill 0.3)
    (user_via 0.35 0.3)
    (uvia_size 0.3)
    (uvia_drill 0.1)
    (uvias_allowed no)
    (uvia_min_size 0.2)
    (uvia_min_drill 0.1)
    (edge_width 0.05)
    (segment_width 0.2)
    (pcb_text_width 0.3)
    (pcb_text_size 1.5 1.5)
    (mod_edge_width 0.12)
    (mod_text_size 1 1)
    (mod_text_width 0.15)
    (pad_size 1 0.5)
    (pad_drill 0)
    (pad_to_mask_clearance 0.051)
    (solder_mask_min_width 0.25)
    (aux_axis_origin 137.16 91.44)
    (visible_elements 7FFFFFFF)
    (pcbplotparams
      (layerselection 0x010f0_ffffffff)
      (usegerberextensions false)
      (usegerberattributes false)
      (usegerberadvancedattributes false)
      (creategerberjobfile false)
      (excludeedgelayer true)
      (linewidth 0.100000)
      (plotframeref false)
      (viasonmask false)
      (mode 1)
      (useauxorigin false)
      (hpglpennumber 1)
      (hpglpenspeed 20)
      (hpglpendiameter 15.000000)
      (psnegative false)
      (psa4output false)
      (plotreference true)
      (plotvalue true)
      (plotinvisibletext false)
      (padsonsilk false)
      (subtractmaskfromsilk false)
      (outputformat 1)
      (mirror false)
      (drillshape 0)
      (scaleselection 1)
      (outputdirectory "gerber/"))
  )

  (net 0 "")
  (net 1 GND)
  (net 2 /A14)
  (net 3 /A15)
  (net 4 +5V)
  (net 5 /D3)
  (net 6 /A12)
  (net 7 /D4)
  (net 8 /A7)
  (net 9 /D5)
  (net 10 /A6)
  (net 11 /D6)
  (net 12 /A5)
  (net 13 /D7)
  (net 14 /A4)
  (net 15 "Net-(U1-Pad20)")
  (net 16 /A3)
  (net 17 /A10)
  (net 18 /A2)
  (net 19 "Net-(U1-Pad22)")
  (net 20 /A1)
  (net 21 /A11)
  (net 22 /A0)
  (net 23 /A9)
  (net 24 /D0)
  (net 25 /A8)
  (net 26 /D1)
  (net 27 /A13)
  (net 28 /D2)
  (net 29 /A16)
  (net 30 /A17)
  (net 31 /A18)
  (net 32 /A19)
  (net 33 "Net-(JP1-Pad2)")
  (net 34 "Net-(JP2-Pad2)")

  (net_class Default "This is the default net class."
    (clearance 0.2)
    (trace_width 0.25)
    (via_dia 0.8)
    (via_drill 0.4)
    (uvia_dia 0.3)
    (uvia_drill 0.1)
    (add_net +5V)
    (add_net /A0)
    (add_net /A1)
    (add_net /A10)
    (add_net /A11)
    (add_net /A12)
    (add_net /A13)
    (add_net /A14)
    (add_net /A15)
    (add_net /A16)
    (add_net /A17)
    (add_net /A18)
    (add_net /A19)
    (add_net /A2)
    (add_net /A3)
    (add_net /A4)
    (add_net /A5)
    (add_net /A6)
    (add_net /A7)
    (add_net /A8)
    (add_net /A9)
    (add_net /D0)
    (add_net /D1)
    (add_net /D2)
    (add_net /D3)
    (add_net /D4)
    (add_net /D5)
    (add_net /D6)
    (add_net /D7)
    (add_net GND)
    (add_net "Net-(JP1-Pad2)")
    (add_net "Net-(JP2-Pad2)")
    (add_net "Net-(U1-Pad20)")
    (add_net "Net-(U1-Pad22)")
  )

  (module Connector_PinHeader_2.54mm:PinHeader_1x07_P2.54mm_Vertical (layer F.Cu) (tedit 59FED5CC) (tstamp 5EBB4869)
    (at 138.43 82.55 90)
    (descr "Through hole straight pin header, 1x07, 2.54mm pitch, single row")
    (tags "Through hole pin header THT 1x07 2.54mm single row")
    (path /5DE1BAE7)
    (fp_text reference J1 (at 0 -2.33 90) (layer F.SilkS)
      (effects (font (size 1 1) (thickness 0.15)))
    )
    (fp_text value Conn_01x07 (at 0 17.57 90) (layer F.Fab)
      (effects (font (size 1 1) (thickness 0.15)))
    )
    (fp_line (start -0.635 -1.27) (end 1.27 -1.27) (layer F.Fab) (width 0.1))
    (fp_line (start 1.27 -1.27) (end 1.27 16.51) (layer F.Fab) (width 0.1))
    (fp_line (start 1.27 16.51) (end -1.27 16.51) (layer F.Fab) (width 0.1))
    (fp_line (start -1.27 16.51) (end -1.27 -0.635) (layer F.Fab) (width 0.1))
    (fp_line (start -1.27 -0.635) (end -0.635 -1.27) (layer F.Fab) (width 0.1))
    (fp_line (start -1.33 16.57) (end 1.33 16.57) (layer F.SilkS) (width 0.12))
    (fp_line (start -1.33 1.27) (end -1.33 16.57) (layer F.SilkS) (width 0.12))
    (fp_line (start 1.33 1.27) (end 1.33 16.57) (layer F.SilkS) (width 0.12))
    (fp_line (start -1.33 1.27) (end 1.33 1.27) (layer F.SilkS) (width 0.12))
    (fp_line (start -1.33 0) (end -1.33 -1.33) (layer F.SilkS) (width 0.12))
    (fp_line (start -1.33 -1.33) (end 0 -1.33) (layer F.SilkS) (width 0.12))
    (fp_line (start -1.8 -1.8) (end -1.8 17.05) (layer F.CrtYd) (width 0.05))
    (fp_line (start -1.8 17.05) (end 1.8 17.05) (layer F.CrtYd) (width 0.05))
    (fp_line (start 1.8 17.05) (end 1.8 -1.8) (layer F.CrtYd) (width 0.05))
    (fp_line (start 1.8 -1.8) (end -1.8 -1.8) (layer F.CrtYd) (width 0.05))
    (fp_text user %R (at 0 7.62) (layer F.Fab)
      (effects (font (size 1 1) (thickness 0.15)))
    )
    (pad 1 thru_hole rect (at 0 0 90) (size 1.7 1.7) (drill 1) (layers *.Cu *.Mask)
      (net 1 GND))
    (pad 2 thru_hole oval (at 0 2.54 90) (size 1.7 1.7) (drill 1) (layers *.Cu *.Mask)
      (net 2 /A14))
    (pad 3 thru_hole oval (at 0 5.08 90) (size 1.7 1.7) (drill 1) (layers *.Cu *.Mask)
      (net 3 /A15))
    (pad 4 thru_hole oval (at 0 7.62 90) (size 1.7 1.7) (drill 1) (layers *.Cu *.Mask)
      (net 29 /A16))
    (pad 5 thru_hole oval (at 0 10.16 90) (size 1.7 1.7) (drill 1) (layers *.Cu *.Mask)
      (net 30 /A17))
    (pad 6 thru_hole oval (at 0 12.7 90) (size 1.7 1.7) (drill 1) (layers *.Cu *.Mask)
      (net 31 /A18))
    (pad 7 thru_hole oval (at 0 15.24 90) (size 1.7 1.7) (drill 1) (layers *.Cu *.Mask)
      (net 32 /A19))
    (model ${KISYS3DMOD}/Connector_PinHeader_2.54mm.3dshapes/PinHeader_1x07_P2.54mm_Vertical.wrl
      (at (xyz 0 0 0))
      (scale (xyz 1 1 1))
      (rotate (xyz 0 0 0))
    )
  )

  (module Jumper:SolderJumper-2_P1.3mm_Open_RoundedPad1.0x1.5mm (layer B.Cu) (tedit 5B391E66) (tstamp 5EBB487B)
    (at 145.161 118.745 270)
    (descr "SMD Solder Jumper, 1x1.5mm, rounded Pads, 0.3mm gap, open")
    (tags "solder jumper open")
    (path /5EC49E0F)
    (attr virtual)
    (fp_text reference JP1 (at 0 1.8 90) (layer B.SilkS)
      (effects (font (size 1 1) (thickness 0.15)) (justify mirror))
    )
    (fp_text value SJ-A14 (at 0 -1.9 90) (layer B.Fab)
      (effects (font (size 1 1) (thickness 0.15)) (justify mirror))
    )
    (fp_arc (start 0.7 0.3) (end 1.4 0.3) (angle 90) (layer B.SilkS) (width 0.12))
    (fp_arc (start 0.7 -0.3) (end 0.7 -1) (angle 90) (layer B.SilkS) (width 0.12))
    (fp_arc (start -0.7 -0.3) (end -1.4 -0.3) (angle 90) (layer B.SilkS) (width 0.12))
    (fp_arc (start -0.7 0.3) (end -0.7 1) (angle 90) (layer B.SilkS) (width 0.12))
    (fp_line (start -1.4 -0.3) (end -1.4 0.3) (layer B.SilkS) (width 0.12))
    (fp_line (start 0.7 -1) (end -0.7 -1) (layer B.SilkS) (width 0.12))
    (fp_line (start 1.4 0.3) (end 1.4 -0.3) (layer B.SilkS) (width 0.12))
    (fp_line (start -0.7 1) (end 0.7 1) (layer B.SilkS) (width 0.12))
    (fp_line (start -1.65 1.25) (end 1.65 1.25) (layer B.CrtYd) (width 0.05))
    (fp_line (start -1.65 1.25) (end -1.65 -1.25) (layer B.CrtYd) (width 0.05))
    (fp_line (start 1.65 -1.25) (end 1.65 1.25) (layer B.CrtYd) (width 0.05))
    (fp_line (start 1.65 -1.25) (end -1.65 -1.25) (layer B.CrtYd) (width 0.05))
    (pad 1 smd custom (at -0.65 0 270) (size 1 0.5) (layers B.Cu B.Mask)
      (net 2 /A14) (zone_connect 2)
      (options (clearance outline) (anchor rect))
      (primitives
        (gr_circle (center 0 -0.25) (end 0.5 -0.25) (width 0))
        (gr_circle (center 0 0.25) (end 0.5 0.25) (width 0))
        (gr_poly (pts
           (xy 0 0.75) (xy 0.5 0.75) (xy 0.5 -0.75) (xy 0 -0.75)) (width 0))
      ))
    (pad 2 smd custom (at 0.65 0 270) (size 1 0.5) (layers B.Cu B.Mask)
      (net 33 "Net-(JP1-Pad2)") (zone_connect 2)
      (options (clearance outline) (anchor rect))
      (primitives
        (gr_circle (center 0 -0.25) (end 0.5 -0.25) (width 0))
        (gr_circle (center 0 0.25) (end 0.5 0.25) (width 0))
        (gr_poly (pts
           (xy 0 0.75) (xy -0.5 0.75) (xy -0.5 -0.75) (xy 0 -0.75)) (width 0))
      ))
  )

  (module Jumper:SolderJumper-2_P1.3mm_Open_RoundedPad1.0x1.5mm (layer B.Cu) (tedit 5B391E66) (tstamp 5EBB52D2)
    (at 145.161 122.936 270)
    (descr "SMD Solder Jumper, 1x1.5mm, rounded Pads, 0.3mm gap, open")
    (tags "solder jumper open")
    (path /5EC4A9FD)
    (attr virtual)
    (fp_text reference JP2 (at 0 1.8 90) (layer B.SilkS)
      (effects (font (size 1 1) (thickness 0.15)) (justify mirror))
    )
    (fp_text value SJ-A15 (at 0 -1.9 90) (layer B.Fab)
      (effects (font (size 1 1) (thickness 0.15)) (justify mirror))
    )
    (fp_line (start 1.65 -1.25) (end -1.65 -1.25) (layer B.CrtYd) (width 0.05))
    (fp_line (start 1.65 -1.25) (end 1.65 1.25) (layer B.CrtYd) (width 0.05))
    (fp_line (start -1.65 1.25) (end -1.65 -1.25) (layer B.CrtYd) (width 0.05))
    (fp_line (start -1.65 1.25) (end 1.65 1.25) (layer B.CrtYd) (width 0.05))
    (fp_line (start -0.7 1) (end 0.7 1) (layer B.SilkS) (width 0.12))
    (fp_line (start 1.4 0.3) (end 1.4 -0.3) (layer B.SilkS) (width 0.12))
    (fp_line (start 0.7 -1) (end -0.7 -1) (layer B.SilkS) (width 0.12))
    (fp_line (start -1.4 -0.3) (end -1.4 0.3) (layer B.SilkS) (width 0.12))
    (fp_arc (start -0.7 0.3) (end -0.7 1) (angle 90) (layer B.SilkS) (width 0.12))
    (fp_arc (start -0.7 -0.3) (end -1.4 -0.3) (angle 90) (layer B.SilkS) (width 0.12))
    (fp_arc (start 0.7 -0.3) (end 0.7 -1) (angle 90) (layer B.SilkS) (width 0.12))
    (fp_arc (start 0.7 0.3) (end 1.4 0.3) (angle 90) (layer B.SilkS) (width 0.12))
    (pad 2 smd custom (at 0.65 0 270) (size 1 0.5) (layers B.Cu B.Mask)
      (net 34 "Net-(JP2-Pad2)") (zone_connect 2)
      (options (clearance outline) (anchor rect))
      (primitives
        (gr_circle (center 0 -0.25) (end 0.5 -0.25) (width 0))
        (gr_circle (center 0 0.25) (end 0.5 0.25) (width 0))
        (gr_poly (pts
           (xy 0 0.75) (xy -0.5 0.75) (xy -0.5 -0.75) (xy 0 -0.75)) (width 0))
      ))
    (pad 1 smd custom (at -0.65 0 270) (size 1 0.5) (layers B.Cu B.Mask)
      (net 3 /A15) (zone_connect 2)
      (options (clearance outline) (anchor rect))
      (primitives
        (gr_circle (center 0 -0.25) (end 0.5 -0.25) (width 0))
        (gr_circle (center 0 0.25) (end 0.5 0.25) (width 0))
        (gr_poly (pts
           (xy 0 0.75) (xy 0.5 0.75) (xy 0.5 -0.75) (xy 0 -0.75)) (width 0))
      ))
  )

  (module Resistor_SMD:R_0805_2012Metric_Pad1.15x1.40mm_HandSolder (layer B.Cu) (tedit 5B36C52B) (tstamp 5EBB48E6)
    (at 147.574 118.745 90)
    (descr "Resistor SMD 0805 (2012 Metric), square (rectangular) end terminal, IPC_7351 nominal with elongated pad for handsoldering. (Body size source: https://docs.google.com/spreadsheets/d/1BsfQQcO9C6DZCsRaXUlFlo91Tg2WpOkGARC1WS5S8t0/edit?usp=sharing), generated with kicad-footprint-generator")
    (tags "resistor handsolder")
    (path /5DDED110)
    (attr smd)
    (fp_text reference R14 (at 0 1.65 90) (layer B.SilkS)
      (effects (font (size 1 1) (thickness 0.15)) (justify mirror))
    )
    (fp_text value 8K2 (at 0 -1.65 90) (layer B.Fab)
      (effects (font (size 1 1) (thickness 0.15)) (justify mirror))
    )
    (fp_line (start -1 -0.6) (end -1 0.6) (layer B.Fab) (width 0.1))
    (fp_line (start -1 0.6) (end 1 0.6) (layer B.Fab) (width 0.1))
    (fp_line (start 1 0.6) (end 1 -0.6) (layer B.Fab) (width 0.1))
    (fp_line (start 1 -0.6) (end -1 -0.6) (layer B.Fab) (width 0.1))
    (fp_line (start -0.261252 0.71) (end 0.261252 0.71) (layer B.SilkS) (width 0.12))
    (fp_line (start -0.261252 -0.71) (end 0.261252 -0.71) (layer B.SilkS) (width 0.12))
    (fp_line (start -1.85 -0.95) (end -1.85 0.95) (layer B.CrtYd) (width 0.05))
    (fp_line (start -1.85 0.95) (end 1.85 0.95) (layer B.CrtYd) (width 0.05))
    (fp_line (start 1.85 0.95) (end 1.85 -0.95) (layer B.CrtYd) (width 0.05))
    (fp_line (start 1.85 -0.95) (end -1.85 -0.95) (layer B.CrtYd) (width 0.05))
    (fp_text user %R (at 0 0 90) (layer B.Fab)
      (effects (font (size 0.5 0.5) (thickness 0.08)) (justify mirror))
    )
    (pad 1 smd roundrect (at -1.025 0 90) (size 1.15 1.4) (layers B.Cu B.Paste B.Mask) (roundrect_rratio 0.217391)
      (net 2 /A14))
    (pad 2 smd roundrect (at 1.025 0 90) (size 1.15 1.4) (layers B.Cu B.Paste B.Mask) (roundrect_rratio 0.217391)
      (net 4 +5V))
    (model ${KISYS3DMOD}/Resistor_SMD.3dshapes/R_0805_2012Metric.wrl
      (at (xyz 0 0 0))
      (scale (xyz 1 1 1))
      (rotate (xyz 0 0 0))
    )
  )

  (module Resistor_SMD:R_0805_2012Metric_Pad1.15x1.40mm_HandSolder (layer B.Cu) (tedit 5B36C52B) (tstamp 5EBB52A1)
    (at 147.574 122.936 90)
    (descr "Resistor SMD 0805 (2012 Metric), square (rectangular) end terminal, IPC_7351 nominal with elongated pad for handsoldering. (Body size source: https://docs.google.com/spreadsheets/d/1BsfQQcO9C6DZCsRaXUlFlo91Tg2WpOkGARC1WS5S8t0/edit?usp=sharing), generated with kicad-footprint-generator")
    (tags "resistor handsolder")
    (path /5DDEF4BE)
    (attr smd)
    (fp_text reference R15 (at 0 1.65 90) (layer B.SilkS)
      (effects (font (size 1 1) (thickness 0.15)) (justify mirror))
    )
    (fp_text value 8K2 (at 0 -1.65 90) (layer B.Fab)
      (effects (font (size 1 1) (thickness 0.15)) (justify mirror))
    )
    (fp_text user %R (at 0 0 90) (layer B.Fab)
      (effects (font (size 0.5 0.5) (thickness 0.08)) (justify mirror))
    )
    (fp_line (start 1.85 -0.95) (end -1.85 -0.95) (layer B.CrtYd) (width 0.05))
    (fp_line (start 1.85 0.95) (end 1.85 -0.95) (layer B.CrtYd) (width 0.05))
    (fp_line (start -1.85 0.95) (end 1.85 0.95) (layer B.CrtYd) (width 0.05))
    (fp_line (start -1.85 -0.95) (end -1.85 0.95) (layer B.CrtYd) (width 0.05))
    (fp_line (start -0.261252 -0.71) (end 0.261252 -0.71) (layer B.SilkS) (width 0.12))
    (fp_line (start -0.261252 0.71) (end 0.261252 0.71) (layer B.SilkS) (width 0.12))
    (fp_line (start 1 -0.6) (end -1 -0.6) (layer B.Fab) (width 0.1))
    (fp_line (start 1 0.6) (end 1 -0.6) (layer B.Fab) (width 0.1))
    (fp_line (start -1 0.6) (end 1 0.6) (layer B.Fab) (width 0.1))
    (fp_line (start -1 -0.6) (end -1 0.6) (layer B.Fab) (width 0.1))
    (pad 2 smd roundrect (at 1.025 0 90) (size 1.15 1.4) (layers B.Cu B.Paste B.Mask) (roundrect_rratio 0.217391)
      (net 4 +5V))
    (pad 1 smd roundrect (at -1.025 0 90) (size 1.15 1.4) (layers B.Cu B.Paste B.Mask) (roundrect_rratio 0.217391)
      (net 3 /A15))
    (model ${KISYS3DMOD}/Resistor_SMD.3dshapes/R_0805_2012Metric.wrl
      (at (xyz 0 0 0))
      (scale (xyz 1 1 1))
      (rotate (xyz 0 0 0))
    )
  )

  (module Resistor_SMD:R_0805_2012Metric_Pad1.15x1.40mm_HandSolder (layer B.Cu) (tedit 5B36C52B) (tstamp 5EBB4908)
    (at 144.018 103.251 180)
    (descr "Resistor SMD 0805 (2012 Metric), square (rectangular) end terminal, IPC_7351 nominal with elongated pad for handsoldering. (Body size source: https://docs.google.com/spreadsheets/d/1BsfQQcO9C6DZCsRaXUlFlo91Tg2WpOkGARC1WS5S8t0/edit?usp=sharing), generated with kicad-footprint-generator")
    (tags "resistor handsolder")
    (path /5DDE48E0)
    (attr smd)
    (fp_text reference R16 (at 0 1.65) (layer B.SilkS)
      (effects (font (size 1 1) (thickness 0.15)) (justify mirror))
    )
    (fp_text value 8K2 (at 0 -1.65) (layer B.Fab)
      (effects (font (size 1 1) (thickness 0.15)) (justify mirror))
    )
    (fp_line (start -1 -0.6) (end -1 0.6) (layer B.Fab) (width 0.1))
    (fp_line (start -1 0.6) (end 1 0.6) (layer B.Fab) (width 0.1))
    (fp_line (start 1 0.6) (end 1 -0.6) (layer B.Fab) (width 0.1))
    (fp_line (start 1 -0.6) (end -1 -0.6) (layer B.Fab) (width 0.1))
    (fp_line (start -0.261252 0.71) (end 0.261252 0.71) (layer B.SilkS) (width 0.12))
    (fp_line (start -0.261252 -0.71) (end 0.261252 -0.71) (layer B.SilkS) (width 0.12))
    (fp_line (start -1.85 -0.95) (end -1.85 0.95) (layer B.CrtYd) (width 0.05))
    (fp_line (start -1.85 0.95) (end 1.85 0.95) (layer B.CrtYd) (width 0.05))
    (fp_line (start 1.85 0.95) (end 1.85 -0.95) (layer B.CrtYd) (width 0.05))
    (fp_line (start 1.85 -0.95) (end -1.85 -0.95) (layer B.CrtYd) (width 0.05))
    (fp_text user %R (at 0 0) (layer B.Fab)
      (effects (font (size 0.5 0.5) (thickness 0.08)) (justify mirror))
    )
    (pad 1 smd roundrect (at -1.025 0 180) (size 1.15 1.4) (layers B.Cu B.Paste B.Mask) (roundrect_rratio 0.217391)
      (net 29 /A16))
    (pad 2 smd roundrect (at 1.025 0 180) (size 1.15 1.4) (layers B.Cu B.Paste B.Mask) (roundrect_rratio 0.217391)
      (net 4 +5V))
    (model ${KISYS3DMOD}/Resistor_SMD.3dshapes/R_0805_2012Metric.wrl
      (at (xyz 0 0 0))
      (scale (xyz 1 1 1))
      (rotate (xyz 0 0 0))
    )
  )

  (module Resistor_SMD:R_0805_2012Metric_Pad1.15x1.40mm_HandSolder (layer B.Cu) (tedit 5B36C52B) (tstamp 5EBB4919)
    (at 148.209 103.251 180)
    (descr "Resistor SMD 0805 (2012 Metric), square (rectangular) end terminal, IPC_7351 nominal with elongated pad for handsoldering. (Body size source: https://docs.google.com/spreadsheets/d/1BsfQQcO9C6DZCsRaXUlFlo91Tg2WpOkGARC1WS5S8t0/edit?usp=sharing), generated with kicad-footprint-generator")
    (tags "resistor handsolder")
    (path /5DDE6196)
    (attr smd)
    (fp_text reference R17 (at 0 1.65) (layer B.SilkS)
      (effects (font (size 1 1) (thickness 0.15)) (justify mirror))
    )
    (fp_text value 8K2 (at 0 -1.65) (layer B.Fab)
      (effects (font (size 1 1) (thickness 0.15)) (justify mirror))
    )
    (fp_text user %R (at 0 0) (layer B.Fab)
      (effects (font (size 0.5 0.5) (thickness 0.08)) (justify mirror))
    )
    (fp_line (start 1.85 -0.95) (end -1.85 -0.95) (layer B.CrtYd) (width 0.05))
    (fp_line (start 1.85 0.95) (end 1.85 -0.95) (layer B.CrtYd) (width 0.05))
    (fp_line (start -1.85 0.95) (end 1.85 0.95) (layer B.CrtYd) (width 0.05))
    (fp_line (start -1.85 -0.95) (end -1.85 0.95) (layer B.CrtYd) (width 0.05))
    (fp_line (start -0.261252 -0.71) (end 0.261252 -0.71) (layer B.SilkS) (width 0.12))
    (fp_line (start -0.261252 0.71) (end 0.261252 0.71) (layer B.SilkS) (width 0.12))
    (fp_line (start 1 -0.6) (end -1 -0.6) (layer B.Fab) (width 0.1))
    (fp_line (start 1 0.6) (end 1 -0.6) (layer B.Fab) (width 0.1))
    (fp_line (start -1 0.6) (end 1 0.6) (layer B.Fab) (width 0.1))
    (fp_line (start -1 -0.6) (end -1 0.6) (layer B.Fab) (width 0.1))
    (pad 2 smd roundrect (at 1.025 0 180) (size 1.15 1.4) (layers B.Cu B.Paste B.Mask) (roundrect_rratio 0.217391)
      (net 4 +5V))
    (pad 1 smd roundrect (at -1.025 0 180) (size 1.15 1.4) (layers B.Cu B.Paste B.Mask) (roundrect_rratio 0.217391)
      (net 30 /A17))
    (model ${KISYS3DMOD}/Resistor_SMD.3dshapes/R_0805_2012Metric.wrl
      (at (xyz 0 0 0))
      (scale (xyz 1 1 1))
      (rotate (xyz 0 0 0))
    )
  )

  (module Resistor_SMD:R_0805_2012Metric_Pad1.15x1.40mm_HandSolder (layer B.Cu) (tedit 5B36C52B) (tstamp 5EBB492A)
    (at 144.018 94.234 180)
    (descr "Resistor SMD 0805 (2012 Metric), square (rectangular) end terminal, IPC_7351 nominal with elongated pad for handsoldering. (Body size source: https://docs.google.com/spreadsheets/d/1BsfQQcO9C6DZCsRaXUlFlo91Tg2WpOkGARC1WS5S8t0/edit?usp=sharing), generated with kicad-footprint-generator")
    (tags "resistor handsolder")
    (path /5DDE84C9)
    (attr smd)
    (fp_text reference R18 (at 0 1.65) (layer B.SilkS)
      (effects (font (size 1 1) (thickness 0.15)) (justify mirror))
    )
    (fp_text value 8K2 (at 0 -1.65) (layer B.Fab)
      (effects (font (size 1 1) (thickness 0.15)) (justify mirror))
    )
    (fp_line (start -1 -0.6) (end -1 0.6) (layer B.Fab) (width 0.1))
    (fp_line (start -1 0.6) (end 1 0.6) (layer B.Fab) (width 0.1))
    (fp_line (start 1 0.6) (end 1 -0.6) (layer B.Fab) (width 0.1))
    (fp_line (start 1 -0.6) (end -1 -0.6) (layer B.Fab) (width 0.1))
    (fp_line (start -0.261252 0.71) (end 0.261252 0.71) (layer B.SilkS) (width 0.12))
    (fp_line (start -0.261252 -0.71) (end 0.261252 -0.71) (layer B.SilkS) (width 0.12))
    (fp_line (start -1.85 -0.95) (end -1.85 0.95) (layer B.CrtYd) (width 0.05))
    (fp_line (start -1.85 0.95) (end 1.85 0.95) (layer B.CrtYd) (width 0.05))
    (fp_line (start 1.85 0.95) (end 1.85 -0.95) (layer B.CrtYd) (width 0.05))
    (fp_line (start 1.85 -0.95) (end -1.85 -0.95) (layer B.CrtYd) (width 0.05))
    (fp_text user %R (at 0 0) (layer B.Fab)
      (effects (font (size 0.5 0.5) (thickness 0.08)) (justify mirror))
    )
    (pad 1 smd roundrect (at -1.025 0 180) (size 1.15 1.4) (layers B.Cu B.Paste B.Mask) (roundrect_rratio 0.217391)
      (net 31 /A18))
    (pad 2 smd roundrect (at 1.025 0 180) (size 1.15 1.4) (layers B.Cu B.Paste B.Mask) (roundrect_rratio 0.217391)
      (net 4 +5V))
    (model ${KISYS3DMOD}/Resistor_SMD.3dshapes/R_0805_2012Metric.wrl
      (at (xyz 0 0 0))
      (scale (xyz 1 1 1))
      (rotate (xyz 0 0 0))
    )
  )

  (module Resistor_SMD:R_0805_2012Metric_Pad1.15x1.40mm_HandSolder (layer B.Cu) (tedit 5B36C52B) (tstamp 5EBB493B)
    (at 148.209 94.234 180)
    (descr "Resistor SMD 0805 (2012 Metric), square (rectangular) end terminal, IPC_7351 nominal with elongated pad for handsoldering. (Body size source: https://docs.google.com/spreadsheets/d/1BsfQQcO9C6DZCsRaXUlFlo91Tg2WpOkGARC1WS5S8t0/edit?usp=sharing), generated with kicad-footprint-generator")
    (tags "resistor handsolder")
    (path /5DDEA707)
    (attr smd)
    (fp_text reference R19 (at 0 1.65) (layer B.SilkS)
      (effects (font (size 1 1) (thickness 0.15)) (justify mirror))
    )
    (fp_text value 8K2 (at 0 -1.65) (layer B.Fab)
      (effects (font (size 1 1) (thickness 0.15)) (justify mirror))
    )
    (fp_text user %R (at 0 0) (layer B.Fab)
      (effects (font (size 0.5 0.5) (thickness 0.08)) (justify mirror))
    )
    (fp_line (start 1.85 -0.95) (end -1.85 -0.95) (layer B.CrtYd) (width 0.05))
    (fp_line (start 1.85 0.95) (end 1.85 -0.95) (layer B.CrtYd) (width 0.05))
    (fp_line (start -1.85 0.95) (end 1.85 0.95) (layer B.CrtYd) (width 0.05))
    (fp_line (start -1.85 -0.95) (end -1.85 0.95) (layer B.CrtYd) (width 0.05))
    (fp_line (start -0.261252 -0.71) (end 0.261252 -0.71) (layer B.SilkS) (width 0.12))
    (fp_line (start -0.261252 0.71) (end 0.261252 0.71) (layer B.SilkS) (width 0.12))
    (fp_line (start 1 -0.6) (end -1 -0.6) (layer B.Fab) (width 0.1))
    (fp_line (start 1 0.6) (end 1 -0.6) (layer B.Fab) (width 0.1))
    (fp_line (start -1 0.6) (end 1 0.6) (layer B.Fab) (width 0.1))
    (fp_line (start -1 -0.6) (end -1 0.6) (layer B.Fab) (width 0.1))
    (pad 2 smd roundrect (at 1.025 0 180) (size 1.15 1.4) (layers B.Cu B.Paste B.Mask) (roundrect_rratio 0.217391)
      (net 4 +5V))
    (pad 1 smd roundrect (at -1.025 0 180) (size 1.15 1.4) (layers B.Cu B.Paste B.Mask) (roundrect_rratio 0.217391)
      (net 32 /A19))
    (model ${KISYS3DMOD}/Resistor_SMD.3dshapes/R_0805_2012Metric.wrl
      (at (xyz 0 0 0))
      (scale (xyz 1 1 1))
      (rotate (xyz 0 0 0))
    )
  )

  (module Package_DIP:DIP-32_W15.24mm (layer F.Cu) (tedit 5A02E8C5) (tstamp 5EBB499F)
    (at 139.7 86.36)
    (descr "32-lead though-hole mounted DIP package, row spacing 15.24 mm (600 mils)")
    (tags "THT DIP DIL PDIP 2.54mm 15.24mm 600mil")
    (path /5DDE2932)
    (fp_text reference U2 (at 7.62 -2.33) (layer F.SilkS)
      (effects (font (size 1 1) (thickness 0.15)))
    )
    (fp_text value 27C080 (at 7.62 40.43) (layer F.Fab)
      (effects (font (size 1 1) (thickness 0.15)))
    )
    (fp_arc (start 7.62 -1.33) (end 6.62 -1.33) (angle -180) (layer F.SilkS) (width 0.12))
    (fp_line (start 1.255 -1.27) (end 14.985 -1.27) (layer F.Fab) (width 0.1))
    (fp_line (start 14.985 -1.27) (end 14.985 39.37) (layer F.Fab) (width 0.1))
    (fp_line (start 14.985 39.37) (end 0.255 39.37) (layer F.Fab) (width 0.1))
    (fp_line (start 0.255 39.37) (end 0.255 -0.27) (layer F.Fab) (width 0.1))
    (fp_line (start 0.255 -0.27) (end 1.255 -1.27) (layer F.Fab) (width 0.1))
    (fp_line (start 6.62 -1.33) (end 1.16 -1.33) (layer F.SilkS) (width 0.12))
    (fp_line (start 1.16 -1.33) (end 1.16 39.43) (layer F.SilkS) (width 0.12))
    (fp_line (start 1.16 39.43) (end 14.08 39.43) (layer F.SilkS) (width 0.12))
    (fp_line (start 14.08 39.43) (end 14.08 -1.33) (layer F.SilkS) (width 0.12))
    (fp_line (start 14.08 -1.33) (end 8.62 -1.33) (layer F.SilkS) (width 0.12))
    (fp_line (start -1.05 -1.55) (end -1.05 39.65) (layer F.CrtYd) (width 0.05))
    (fp_line (start -1.05 39.65) (end 16.3 39.65) (layer F.CrtYd) (width 0.05))
    (fp_line (start 16.3 39.65) (end 16.3 -1.55) (layer F.CrtYd) (width 0.05))
    (fp_line (start 16.3 -1.55) (end -1.05 -1.55) (layer F.CrtYd) (width 0.05))
    (fp_text user %R (at 7.62 19.05) (layer F.Fab)
      (effects (font (size 1 1) (thickness 0.15)))
    )
    (pad 1 thru_hole rect (at 0 0) (size 1.6 1.6) (drill 0.8) (layers *.Cu *.Mask)
      (net 32 /A19))
    (pad 17 thru_hole oval (at 15.24 38.1) (size 1.6 1.6) (drill 0.8) (layers *.Cu *.Mask)
      (net 5 /D3))
    (pad 2 thru_hole oval (at 0 2.54) (size 1.6 1.6) (drill 0.8) (layers *.Cu *.Mask)
      (net 29 /A16))
    (pad 18 thru_hole oval (at 15.24 35.56) (size 1.6 1.6) (drill 0.8) (layers *.Cu *.Mask)
      (net 7 /D4))
    (pad 3 thru_hole oval (at 0 5.08) (size 1.6 1.6) (drill 0.8) (layers *.Cu *.Mask)
      (net 3 /A15))
    (pad 19 thru_hole oval (at 15.24 33.02) (size 1.6 1.6) (drill 0.8) (layers *.Cu *.Mask)
      (net 9 /D5))
    (pad 4 thru_hole oval (at 0 7.62) (size 1.6 1.6) (drill 0.8) (layers *.Cu *.Mask)
      (net 6 /A12))
    (pad 20 thru_hole oval (at 15.24 30.48) (size 1.6 1.6) (drill 0.8) (layers *.Cu *.Mask)
      (net 11 /D6))
    (pad 5 thru_hole oval (at 0 10.16) (size 1.6 1.6) (drill 0.8) (layers *.Cu *.Mask)
      (net 8 /A7))
    (pad 21 thru_hole oval (at 15.24 27.94) (size 1.6 1.6) (drill 0.8) (layers *.Cu *.Mask)
      (net 13 /D7))
    (pad 6 thru_hole oval (at 0 12.7) (size 1.6 1.6) (drill 0.8) (layers *.Cu *.Mask)
      (net 10 /A6))
    (pad 22 thru_hole oval (at 15.24 25.4) (size 1.6 1.6) (drill 0.8) (layers *.Cu *.Mask)
      (net 15 "Net-(U1-Pad20)"))
    (pad 7 thru_hole oval (at 0 15.24) (size 1.6 1.6) (drill 0.8) (layers *.Cu *.Mask)
      (net 12 /A5))
    (pad 23 thru_hole oval (at 15.24 22.86) (size 1.6 1.6) (drill 0.8) (layers *.Cu *.Mask)
      (net 17 /A10))
    (pad 8 thru_hole oval (at 0 17.78) (size 1.6 1.6) (drill 0.8) (layers *.Cu *.Mask)
      (net 14 /A4))
    (pad 24 thru_hole oval (at 15.24 20.32) (size 1.6 1.6) (drill 0.8) (layers *.Cu *.Mask)
      (net 19 "Net-(U1-Pad22)"))
    (pad 9 thru_hole oval (at 0 20.32) (size 1.6 1.6) (drill 0.8) (layers *.Cu *.Mask)
      (net 16 /A3))
    (pad 25 thru_hole oval (at 15.24 17.78) (size 1.6 1.6) (drill 0.8) (layers *.Cu *.Mask)
      (net 21 /A11))
    (pad 10 thru_hole oval (at 0 22.86) (size 1.6 1.6) (drill 0.8) (layers *.Cu *.Mask)
      (net 18 /A2))
    (pad 26 thru_hole oval (at 15.24 15.24) (size 1.6 1.6) (drill 0.8) (layers *.Cu *.Mask)
      (net 23 /A9))
    (pad 11 thru_hole oval (at 0 25.4) (size 1.6 1.6) (drill 0.8) (layers *.Cu *.Mask)
      (net 20 /A1))
    (pad 27 thru_hole oval (at 15.24 12.7) (size 1.6 1.6) (drill 0.8) (layers *.Cu *.Mask)
      (net 25 /A8))
    (pad 12 thru_hole oval (at 0 27.94) (size 1.6 1.6) (drill 0.8) (layers *.Cu *.Mask)
      (net 22 /A0))
    (pad 28 thru_hole oval (at 15.24 10.16) (size 1.6 1.6) (drill 0.8) (layers *.Cu *.Mask)
      (net 27 /A13))
    (pad 13 thru_hole oval (at 0 30.48) (size 1.6 1.6) (drill 0.8) (layers *.Cu *.Mask)
      (net 24 /D0))
    (pad 29 thru_hole oval (at 15.24 7.62) (size 1.6 1.6) (drill 0.8) (layers *.Cu *.Mask)
      (net 2 /A14))
    (pad 14 thru_hole oval (at 0 33.02) (size 1.6 1.6) (drill 0.8) (layers *.Cu *.Mask)
      (net 26 /D1))
    (pad 30 thru_hole oval (at 15.24 5.08) (size 1.6 1.6) (drill 0.8) (layers *.Cu *.Mask)
      (net 30 /A17))
    (pad 15 thru_hole oval (at 0 35.56) (size 1.6 1.6) (drill 0.8) (layers *.Cu *.Mask)
      (net 28 /D2))
    (pad 31 thru_hole oval (at 15.24 2.54) (size 1.6 1.6) (drill 0.8) (layers *.Cu *.Mask)
      (net 31 /A18))
    (pad 16 thru_hole oval (at 0 38.1) (size 1.6 1.6) (drill 0.8) (layers *.Cu *.Mask)
      (net 1 GND))
    (pad 32 thru_hole oval (at 15.24 0) (size 1.6 1.6) (drill 0.8) (layers *.Cu *.Mask)
      (net 4 +5V))
  )

  (module Capacitor_Tantalum_SMD:CP_EIA-6032-28_Kemet-C_Pad2.25x2.35mm_HandSolder (layer B.Cu) (tedit 5B301BBE) (tstamp 5EBB6670)
    (at 146.05 112.014)
    (descr "Tantalum Capacitor SMD Kemet-C (6032-28 Metric), IPC_7351 nominal, (Body size from: http://www.kemet.com/Lists/ProductCatalog/Attachments/253/KEM_TC101_STD.pdf), generated with kicad-footprint-generator")
    (tags "capacitor tantalum")
    (path /5EBBC881)
    (attr smd)
    (fp_text reference C1 (at 0 2.55) (layer B.SilkS)
      (effects (font (size 1 1) (thickness 0.15)) (justify mirror))
    )
    (fp_text value CP_Small (at 0 -2.55) (layer B.Fab)
      (effects (font (size 1 1) (thickness 0.15)) (justify mirror))
    )
    (fp_line (start 3 1.6) (end -2.2 1.6) (layer B.Fab) (width 0.1))
    (fp_line (start -2.2 1.6) (end -3 0.8) (layer B.Fab) (width 0.1))
    (fp_line (start -3 0.8) (end -3 -1.6) (layer B.Fab) (width 0.1))
    (fp_line (start -3 -1.6) (end 3 -1.6) (layer B.Fab) (width 0.1))
    (fp_line (start 3 -1.6) (end 3 1.6) (layer B.Fab) (width 0.1))
    (fp_line (start 3 1.71) (end -3.935 1.71) (layer B.SilkS) (width 0.12))
    (fp_line (start -3.935 1.71) (end -3.935 -1.71) (layer B.SilkS) (width 0.12))
    (fp_line (start -3.935 -1.71) (end 3 -1.71) (layer B.SilkS) (width 0.12))
    (fp_line (start -3.92 -1.85) (end -3.92 1.85) (layer B.CrtYd) (width 0.05))
    (fp_line (start -3.92 1.85) (end 3.92 1.85) (layer B.CrtYd) (width 0.05))
    (fp_line (start 3.92 1.85) (end 3.92 -1.85) (layer B.CrtYd) (width 0.05))
    (fp_line (start 3.92 -1.85) (end -3.92 -1.85) (layer B.CrtYd) (width 0.05))
    (fp_text user %R (at 0 0) (layer B.Fab)
      (effects (font (size 1 1) (thickness 0.15)) (justify mirror))
    )
    (pad 1 smd roundrect (at -2.55 0) (size 2.25 2.35) (layers B.Cu B.Paste B.Mask) (roundrect_rratio 0.111111)
      (net 4 +5V))
    (pad 2 smd roundrect (at 2.55 0) (size 2.25 2.35) (layers B.Cu B.Paste B.Mask) (roundrect_rratio 0.111111)
      (net 1 GND))
    (model ${KISYS3DMOD}/Capacitor_Tantalum_SMD.3dshapes/CP_EIA-6032-28_Kemet-C.wrl
      (at (xyz 0 0 0))
      (scale (xyz 1 1 1))
      (rotate (xyz 0 0 0))
    )
  )

  (module Jumper:SolderJumper-3_P1.3mm_Open_RoundedPad1.0x1.5mm_NumberLabels (layer B.Cu) (tedit 5B391ED1) (tstamp 5EBB6685)
    (at 144.018 106.934 270)
    (descr "SMD Solder 3-pad Jumper, 1x1.5mm rounded Pads, 0.3mm gap, open, labeled with numbers")
    (tags "solder jumper open")
    (path /5EBBDCAE)
    (attr virtual)
    (fp_text reference JP3 (at 0 1.8 90) (layer B.SilkS)
      (effects (font (size 1 1) (thickness 0.15)) (justify mirror))
    )
    (fp_text value SJ-A16 (at 0 -1.9 90) (layer B.Fab)
      (effects (font (size 1 1) (thickness 0.15)) (justify mirror))
    )
    (fp_text user 0 (at 2.6 0 90) (layer B.SilkS)
      (effects (font (size 1 1) (thickness 0.15)) (justify mirror))
    )
    (fp_text user 5 (at -2.6 0 90) (layer B.SilkS)
      (effects (font (size 1 1) (thickness 0.15)) (justify mirror))
    )
    (fp_line (start -2.05 -0.3) (end -2.05 0.3) (layer B.SilkS) (width 0.12))
    (fp_line (start 1.4 -1) (end -1.4 -1) (layer B.SilkS) (width 0.12))
    (fp_line (start 2.05 0.3) (end 2.05 -0.3) (layer B.SilkS) (width 0.12))
    (fp_line (start -1.4 1) (end 1.4 1) (layer B.SilkS) (width 0.12))
    (fp_line (start -2.3 1.25) (end 2.3 1.25) (layer B.CrtYd) (width 0.05))
    (fp_line (start -2.3 1.25) (end -2.3 -1.25) (layer B.CrtYd) (width 0.05))
    (fp_line (start 2.3 -1.25) (end 2.3 1.25) (layer B.CrtYd) (width 0.05))
    (fp_line (start 2.3 -1.25) (end -2.3 -1.25) (layer B.CrtYd) (width 0.05))
    (fp_arc (start 1.35 0.3) (end 2.05 0.3) (angle 90) (layer B.SilkS) (width 0.12))
    (fp_arc (start 1.35 -0.3) (end 1.35 -1) (angle 90) (layer B.SilkS) (width 0.12))
    (fp_arc (start -1.35 -0.3) (end -2.05 -0.3) (angle 90) (layer B.SilkS) (width 0.12))
    (fp_arc (start -1.35 0.3) (end -1.35 1) (angle 90) (layer B.SilkS) (width 0.12))
    (pad 1 smd custom (at -1.3 0 270) (size 1 0.5) (layers B.Cu B.Mask)
      (net 4 +5V) (zone_connect 2)
      (options (clearance outline) (anchor rect))
      (primitives
        (gr_circle (center 0 -0.25) (end 0.5 -0.25) (width 0))
        (gr_circle (center 0 0.25) (end 0.5 0.25) (width 0))
        (gr_poly (pts
           (xy 0.55 0.75) (xy 0 0.75) (xy 0 -0.75) (xy 0.55 -0.75)) (width 0))
      ))
    (pad 3 smd custom (at 1.3 0 270) (size 1 0.5) (layers B.Cu B.Mask)
      (net 1 GND) (zone_connect 2)
      (options (clearance outline) (anchor rect))
      (primitives
        (gr_circle (center 0 -0.25) (end 0.5 -0.25) (width 0))
        (gr_circle (center 0 0.25) (end 0.5 0.25) (width 0))
        (gr_poly (pts
           (xy -0.55 0.75) (xy 0 0.75) (xy 0 -0.75) (xy -0.55 -0.75)) (width 0))
      ))
    (pad 2 smd rect (at 0 0 270) (size 1 1.5) (layers B.Cu B.Mask)
      (net 29 /A16))
  )

  (module Jumper:SolderJumper-3_P1.3mm_Open_RoundedPad1.0x1.5mm_NumberLabels (layer B.Cu) (tedit 5B391ED1) (tstamp 5EBB669A)
    (at 148.209 106.934 270)
    (descr "SMD Solder 3-pad Jumper, 1x1.5mm rounded Pads, 0.3mm gap, open, labeled with numbers")
    (tags "solder jumper open")
    (path /5EBEFCC4)
    (attr virtual)
    (fp_text reference JP4 (at 0 1.8 270) (layer B.SilkS)
      (effects (font (size 1 1) (thickness 0.15)) (justify mirror))
    )
    (fp_text value SJ-A17 (at 0 -1.9 270) (layer B.Fab)
      (effects (font (size 1 1) (thickness 0.15)) (justify mirror))
    )
    (fp_arc (start -1.35 0.3) (end -1.35 1) (angle 90) (layer B.SilkS) (width 0.12))
    (fp_arc (start -1.35 -0.3) (end -2.05 -0.3) (angle 90) (layer B.SilkS) (width 0.12))
    (fp_arc (start 1.35 -0.3) (end 1.35 -1) (angle 90) (layer B.SilkS) (width 0.12))
    (fp_arc (start 1.35 0.3) (end 2.05 0.3) (angle 90) (layer B.SilkS) (width 0.12))
    (fp_line (start 2.3 -1.25) (end -2.3 -1.25) (layer B.CrtYd) (width 0.05))
    (fp_line (start 2.3 -1.25) (end 2.3 1.25) (layer B.CrtYd) (width 0.05))
    (fp_line (start -2.3 1.25) (end -2.3 -1.25) (layer B.CrtYd) (width 0.05))
    (fp_line (start -2.3 1.25) (end 2.3 1.25) (layer B.CrtYd) (width 0.05))
    (fp_line (start -1.4 1) (end 1.4 1) (layer B.SilkS) (width 0.12))
    (fp_line (start 2.05 0.3) (end 2.05 -0.3) (layer B.SilkS) (width 0.12))
    (fp_line (start 1.4 -1) (end -1.4 -1) (layer B.SilkS) (width 0.12))
    (fp_line (start -2.05 -0.3) (end -2.05 0.3) (layer B.SilkS) (width 0.12))
    (fp_text user 5 (at -2.6 0 270) (layer B.SilkS)
      (effects (font (size 1 1) (thickness 0.15)) (justify mirror))
    )
    (fp_text user 0 (at 2.6 0 270) (layer B.SilkS)
      (effects (font (size 1 1) (thickness 0.15)) (justify mirror))
    )
    (pad 2 smd rect (at 0 0 270) (size 1 1.5) (layers B.Cu B.Mask)
      (net 30 /A17))
    (pad 3 smd custom (at 1.3 0 270) (size 1 0.5) (layers B.Cu B.Mask)
      (net 1 GND) (zone_connect 2)
      (options (clearance outline) (anchor rect))
      (primitives
        (gr_circle (center 0 -0.25) (end 0.5 -0.25) (width 0))
        (gr_circle (center 0 0.25) (end 0.5 0.25) (width 0))
        (gr_poly (pts
           (xy -0.55 0.75) (xy 0 0.75) (xy 0 -0.75) (xy -0.55 -0.75)) (width 0))
      ))
    (pad 1 smd custom (at -1.3 0 270) (size 1 0.5) (layers B.Cu B.Mask)
      (net 4 +5V) (zone_connect 2)
      (options (clearance outline) (anchor rect))
      (primitives
        (gr_circle (center 0 -0.25) (end 0.5 -0.25) (width 0))
        (gr_circle (center 0 0.25) (end 0.5 0.25) (width 0))
        (gr_poly (pts
           (xy 0.55 0.75) (xy 0 0.75) (xy 0 -0.75) (xy 0.55 -0.75)) (width 0))
      ))
  )

  (module Jumper:SolderJumper-3_P1.3mm_Open_RoundedPad1.0x1.5mm_NumberLabels (layer B.Cu) (tedit 5B391ED1) (tstamp 5EBB66AF)
    (at 144.018 98.044 270)
    (descr "SMD Solder 3-pad Jumper, 1x1.5mm rounded Pads, 0.3mm gap, open, labeled with numbers")
    (tags "solder jumper open")
    (path /5EBF0137)
    (attr virtual)
    (fp_text reference JP5 (at 0 1.8 270) (layer B.SilkS)
      (effects (font (size 1 1) (thickness 0.15)) (justify mirror))
    )
    (fp_text value SJ-A18 (at 0 -1.9 270) (layer B.Fab)
      (effects (font (size 1 1) (thickness 0.15)) (justify mirror))
    )
    (fp_text user 0 (at 2.6 0 270) (layer B.SilkS)
      (effects (font (size 1 1) (thickness 0.15)) (justify mirror))
    )
    (fp_text user 5 (at -2.6 0 270) (layer B.SilkS)
      (effects (font (size 1 1) (thickness 0.15)) (justify mirror))
    )
    (fp_line (start -2.05 -0.3) (end -2.05 0.3) (layer B.SilkS) (width 0.12))
    (fp_line (start 1.4 -1) (end -1.4 -1) (layer B.SilkS) (width 0.12))
    (fp_line (start 2.05 0.3) (end 2.05 -0.3) (layer B.SilkS) (width 0.12))
    (fp_line (start -1.4 1) (end 1.4 1) (layer B.SilkS) (width 0.12))
    (fp_line (start -2.3 1.25) (end 2.3 1.25) (layer B.CrtYd) (width 0.05))
    (fp_line (start -2.3 1.25) (end -2.3 -1.25) (layer B.CrtYd) (width 0.05))
    (fp_line (start 2.3 -1.25) (end 2.3 1.25) (layer B.CrtYd) (width 0.05))
    (fp_line (start 2.3 -1.25) (end -2.3 -1.25) (layer B.CrtYd) (width 0.05))
    (fp_arc (start 1.35 0.3) (end 2.05 0.3) (angle 90) (layer B.SilkS) (width 0.12))
    (fp_arc (start 1.35 -0.3) (end 1.35 -1) (angle 90) (layer B.SilkS) (width 0.12))
    (fp_arc (start -1.35 -0.3) (end -2.05 -0.3) (angle 90) (layer B.SilkS) (width 0.12))
    (fp_arc (start -1.35 0.3) (end -1.35 1) (angle 90) (layer B.SilkS) (width 0.12))
    (pad 1 smd custom (at -1.3 0 270) (size 1 0.5) (layers B.Cu B.Mask)
      (net 4 +5V) (zone_connect 2)
      (options (clearance outline) (anchor rect))
      (primitives
        (gr_circle (center 0 -0.25) (end 0.5 -0.25) (width 0))
        (gr_circle (center 0 0.25) (end 0.5 0.25) (width 0))
        (gr_poly (pts
           (xy 0.55 0.75) (xy 0 0.75) (xy 0 -0.75) (xy 0.55 -0.75)) (width 0))
      ))
    (pad 3 smd custom (at 1.3 0 270) (size 1 0.5) (layers B.Cu B.Mask)
      (net 1 GND) (zone_connect 2)
      (options (clearance outline) (anchor rect))
      (primitives
        (gr_circle (center 0 -0.25) (end 0.5 -0.25) (width 0))
        (gr_circle (center 0 0.25) (end 0.5 0.25) (width 0))
        (gr_poly (pts
           (xy -0.55 0.75) (xy 0 0.75) (xy 0 -0.75) (xy -0.55 -0.75)) (width 0))
      ))
    (pad 2 smd rect (at 0 0 270) (size 1 1.5) (layers B.Cu B.Mask)
      (net 31 /A18))
  )

